Total set:[array([ 9.,  9.,  5.,  5.,  5.,  3.,  1.,  3.,  3.,  7.,  9.,  1.,  7.,
        3.,  3., 11.,  3., 11.,  5.,  4.,  6.,  6., 10.,  3., 10.,  6.,
       10., 12.,  4.,  3.,  4., 11.,  2.,  5.]), array([ 3.,  3.,  3.,  3.,  1.,  7.,  5.,  5.,  5.,  5.,  9.,  1.,  3.,
        9.,  9., 11., 11.,  3.,  3.,  3.,  4., 12.,  3.,  4.,  6., 10.,
        6., 10.,  4., 10.,  6., 11.,  2.,  9.]), array([ 3.,  5.,  3.,  5.,  5.,  1.,  1., 11.,  3.,  3.,  9.,  7.,  5.,
        9., 11.,  5.,  3.,  9.,  3.,  4., 10.,  4., 10., 10.,  3., 12.,
        3.,  6., 12.,  6.,  4., 11.,  2.,  9.]), array([ 7., 11.,  9.,  1.,  5., 11.,  3.,  5.,  3.,  3.,  9.,  1.,  9.,
        7.,  3.,  3.,  5.,  3.,  5.,  4.,  4., 10., 10.,  6.,  6.,  3.,
        3.,  6., 10., 12.,  4., 11.,  5.,  9.]), array([ 9.,  7.,  3.,  3.,  3.,  5., 11.,  3.,  5.,  5.,  9.,  1.,  5.,
        3.,  3.,  1., 11., 12., 12., 10.,  4.,  6.,  6.,  3.,  4.,  4.,
       10., 10.,  6.,  4., 11.,  5.,  9.])]
fold_1:[ 9.  9.  5.  5.  5.  3.  1.  3.  3.  7.  9.  1.  7.  3.  3. 11.  3. 11.
  5.  4.  6.  6. 10.  3. 10.  6. 10. 12.  4.  3.  4. 11.  2.  5.]
fold_2:[ 3.  3.  3.  3.  1.  7.  5.  5.  5.  5.  9.  1.  3.  9.  9. 11. 11.  3.
  3.  3.  4. 12.  3.  4.  6. 10.  6. 10.  4. 10.  6. 11.  2.  9.]
fold_3:[ 3.  5.  3.  5.  5.  1.  1. 11.  3.  3.  9.  7.  5.  9. 11.  5.  3.  9.
  3.  4. 10.  4. 10. 10.  3. 12.  3.  6. 12.  6.  4. 11.  2.  9.]
fold_4:[ 7. 11.  9.  1.  5. 11.  3.  5.  3.  3.  9.  1.  9.  7.  3.  3.  5.  3.
  5.  4.  4. 10. 10.  6.  6.  3.  3.  6. 10. 12.  4. 11.  5.  9.]
fold_5:[ 9.  7.  3.  3.  3.  5. 11.  3.  5.  5.  9.  1.  5.  3.  3.  1. 11. 12.
 12. 10.  4.  6.  6.  3.  4.  4. 10. 10.  6.  4. 11.  5.  9.]