Total set:[ 4.  4.  4.  6.  2.  6.  4.  4. 10. 10.  6.  4. 12. 10. 12. 10. 12.  4.
 10. 10. 10. 12.  6.  6. 10. 10.  4.  6.  6.  6. 10.  4.  4.  2. 12.  6.
  4. 12.  6. 10. 10. 10.  4.  6.  4. 10.  2.  4.  6.  4.  4. 12.  6.  4.
 10.  6. 10.  4.  6. 12.  6.  4.  9. 10.  2.  3.  3. 11.  5.  9.  3.  3.
  9.  9. 11.  3. 11.  3.  9.  5. 11.  3. 11. 11.  3.  5.  3.  3.  3.]
Train split:[ 4. 11.  5.  4. 10.  3.  6. 11. 12.  6.  3. 12.  4. 10.  6.  6.  6.  2.
 11. 10.  6.  5.  6. 10.  9.  3.  3.  4.  4.  6.  4.  4.  6.  5. 10.  4.
 10. 10.  3. 10.  3.  3. 10.  4. 12.  4. 11.  4.  2.  6.  4. 10.  4.  9.
  6. 10.  9. 12.  2. 12.  6. 12. 10.]
Validation split:[ 3.  3.  4. 10.  6. 12.  4.  6. 10. 10.  4. 11.  9.]
Test split:[ 4.  3.  6.  6.  4. 12. 10.  4. 10.  9.  2. 11.  3.]