Total set:[array([ 4.,  6.,  6., 10.,  3., 10.,  6., 10., 12.,  4.,  3.,  4., 11.,
        2.,  5.]), array([ 3.,  4., 12.,  3.,  4.,  6., 10.,  6., 10.,  4., 10.,  6., 11.,
        2.,  9.]), array([ 4., 10.,  4., 10., 10.,  3., 12.,  3.,  6., 12.,  6.,  4., 11.,
        2.,  9.]), array([ 4.,  4., 10., 10.,  6.,  6.,  3.,  3.,  6., 10., 12.,  4., 11.,
        5.,  9.]), array([12., 12., 10.,  4.,  6.,  6.,  3.,  4.,  4., 10., 10.,  6.,  4.,
       11.,  5.,  9.])]
fold_1:[ 4.  6.  6. 10.  3. 10.  6. 10. 12.  4.  3.  4. 11.  2.  5.]
fold_2:[ 3.  4. 12.  3.  4.  6. 10.  6. 10.  4. 10.  6. 11.  2.  9.]
fold_3:[ 4. 10.  4. 10. 10.  3. 12.  3.  6. 12.  6.  4. 11.  2.  9.]
fold_4:[ 4.  4. 10. 10.  6.  6.  3.  3.  6. 10. 12.  4. 11.  5.  9.]
fold_5:[12. 12. 10.  4.  6.  6.  3.  4.  4. 10. 10.  6.  4. 11.  5.  9.]