Total set:[ 3. 11.  7.  1. 11.  9. 11.  3.  3.  5.  3.  5.  5.  3.  5.  5.  5.  5.
  1.  3.  7.  9.  3.  1.  3.  3.  3.  3.  3.  7.  3.  5.  3.  1.  1.  9.
  5.  3.  9. 11.  1. 11.  5.  3.  9.  9. 11.  5.  7.  9.  3.  3.  1.  5.
 11.  3.  3.  5.  3.  3.  1.  3. 11.  5. 11.  7.  3.  9.  3.  9. 11.  5.
  1.  1.  9.  9.  3.  7.  3.  1.  3.  5.  9.  9.  3.  5. 11.  3.  1.  3.
  5.  3.  3.  7.  5.  9.  5.  5.  9.  9.  9.  5.  3.  5.  5.  3. 11.  5.
  3.  7.]
Train split:[ 3. 11.  9.  1.  3.  1.  5.  1.  7.  7.  3.  9. 11.  7.  5.  5.  3.  3.
 11.  3.  7.  3.  3.  9.  5.  3.  1.  9.  5.  7.  3.  3.  5.  3.  3.  9.
  1.  3.  3.  3. 11.  5.  3.  9.  3.  9. 11.  1. 11.  5.  3.  9.  3.  3.
  5.  9. 11.  5.  9.  1.  3. 11.  5.  5.  5.  1.  9.  5.  5.  5.  5.  3.
  3.  9.  3.  3.  7.]
Validation split:[ 3.  3. 11.  3. 11.  1.  5.  3.  5.  1.  5.  7.  5.  9.  3.  9.]
Test split:[11.  5.  9.  1.  3.  7.  3.  5.  5.  3.  3.  9.  5.  9.  3. 11.  1.]