Total set:[array([ 9.,  9.,  5.,  5.,  5.,  3.,  1.,  3.,  3.,  7.,  9.,  1.,  7.,
        3.,  3., 11.,  3., 11.,  5.]), array([ 3.,  3.,  3.,  3.,  1.,  7.,  5.,  5.,  5.,  5.,  9.,  1.,  3.,
        9.,  9., 11., 11.,  3.,  3.]), array([ 3.,  5.,  3.,  5.,  5.,  1.,  1., 11.,  3.,  3.,  9.,  7.,  5.,
        9., 11.,  5.,  3.,  9.,  3.]), array([ 9., 11.,  3.,  1.,  5.,  5.,  7.,  3.,  3., 11.,  1.,  7.,  3.,
        3.,  5.,  9.,  3.,  5.]), array([11.,  3.,  9.,  5.,  3.,  3.,  7., 11.,  3.,  5.,  5.,  9.,  1.,
        5.,  3.,  3.,  1.,  9.])]
fold_1:[ 9.  9.  5.  5.  5.  3.  1.  3.  3.  7.  9.  1.  7.  3.  3. 11.  3. 11.
  5.]
fold_2:[ 3.  3.  3.  3.  1.  7.  5.  5.  5.  5.  9.  1.  3.  9.  9. 11. 11.  3.
  3.]
fold_3:[ 3.  5.  3.  5.  5.  1.  1. 11.  3.  3.  9.  7.  5.  9. 11.  5.  3.  9.
  3.]
fold_4:[ 9. 11.  3.  1.  5.  5.  7.  3.  3. 11.  1.  7.  3.  3.  5.  9.  3.  5.]
fold_5:[11.  3.  9.  5.  3.  3.  7. 11.  3.  5.  5.  9.  1.  5.  3.  3.  1.  9.]